%YAML:1.0
---
width: 2048
height: 1536
K: !!opencv-matrix
   rows: 3
   cols: 3
   dt: d
   data: [ 1.6161349573805660e+03, 0., 1.0152986098242040e+03, 0.,
       1.6182662678199458e+03, 7.5647078801219629e+02, 0., 0., 1. ]
D: !!opencv-matrix
   rows: 8
   cols: 1
   dt: d
   data: [ 6.6996485191680416e-02, -2.7605040705077333e-01,
       2.0598625248004259e-04, 9.9131760176520198e-05,
       3.3269540662132946e-01, 0., 0., 0. ]
